



0,4,4,5,6,7,10,44,44,50,51,52,
1,12,15,17,27,28,31,
1,12,15,17,27,28,31,
15,17,27,28,31,
15,17,27,28,31,
1,12,15,17,
1,12,15,17,
15,17,
15,17,
1,12,15,17,
1,12,15,17,
15,17,
15,17,
1,12,15,17,
1,12,15,17,
15,17,
15,17,
1,12,15,17,
1,12,15,17,
15,17,
15,17,
1,12,15,17,
1,12,15,17,
15,17,
15,17,

0,4,4,5,6,7,23,23,50,51,52,
8,13,14,14,14,14,14,14,15,16,45,45,
14,14,14,14,14,14,15,16,
15,16,27,29,31,
15,16,27,29,31,
8,13,15,16,24,24,25,26,27,29,31,
8,13,15,16,24,24,25,26,27,29,31,
15,16,
15,16,
8,13,15,16,37,37,38,39,
8,13,15,16,37,37,38,39,
15,16,
15,16,
8,13,15,16,47,47,48,49,
8,13,15,16,47,47,48,49,
15,16,
15,16,
8,13,15,16,33,33,34,35,
8,13,15,16,33,33,34,35,
15,16,
15,16,
8,13,15,16,20,20,21,22,
8,13,15,16,20,20,21,22,
15,16,
15,16,
8,13,15,16,41,41,42,43,
8,13,15,16,41,41,42,43,
0,4,4,5,6,7,10,36,36,50,51,52,
0,4,4,5,6,7,10,46,46,50,51,52,
2,3,9,11,18,18,18,18,18,18,
18,18,18,18,18,18,
2,3,9,11,30,
30,
2,3,9,11,

2,3,9,11,

2,3,9,11,

2,3,9,11,

2,3,9,11,

0,4,4,5,6,7,10,32,32,50,51,52,

0,4,4,5,6,7,10,19,19,50,51,52,


0,4,4,5,6,7,10,40,40,50,51,52,

