







































































































































4,5,44,

7,
4,6,44,




10,
52,
50,
0,51,


1,

15,17,







12,


31,
27,28,

1,

15,17,







12,


31,
27,28,



15,17,







31,
27,28,



15,17,







31,
27,28,

1,

15,17,







12,



1,

15,17,







12,





15,17,










15,17,








1,

15,17,







12,



1,

15,17,







12,





15,17,










15,17,








1,

15,17,







12,



1,

15,17,







12,





15,17,










15,17,








1,

15,17,







12,



1,

15,17,







12,





15,17,










15,17,








1,

15,17,







12,



1,

15,17,







12,





15,17,










15,17,



















4,5,23,

7,
4,6,23,






52,
50,
0,51,














15,16,






45,


8,
45,
13,










14,






14,






14,






14,






14,






14,



15,16,














14,



14,



14,



14,



14,



14,

15,16,









31,
27,29,


15,16,









31,
27,29,




15,16,






24,26,


8,
24,25,
13,


31,
27,29,




15,16,






24,26,


8,
24,25,
13,


31,
27,29,


15,16,











15,16,













15,16,






37,39,


8,
37,38,
13,






15,16,






37,39,


8,
37,38,
13,




15,16,











15,16,













15,16,






47,49,


8,
47,48,
13,






15,16,






47,49,


8,
47,48,
13,




15,16,











15,16,













15,16,






33,35,


8,
33,34,
13,






15,16,






33,35,


8,
33,34,
13,




15,16,











15,16,













15,16,






20,22,


8,
20,21,
13,






15,16,






20,22,


8,
20,21,
13,




15,16,











15,16,













15,16,






41,43,


8,
41,42,
13,






15,16,






41,43,


8,
41,42,
13,








4,5,36,

7,
4,6,36,




10,
52,
50,
0,51,





4,5,46,

7,
4,6,46,




10,
52,
50,
0,51,









3,




2,
9,
11,






18,




18,




18,




18,




18,




18,
















18,


18,


18,


18,


18,


18,









3,




2,
9,
11,

30,














30,










3,




2,
9,
11,























3,




2,
9,
11,























3,




2,
9,
11,























3,




2,
9,
11,























3,




2,
9,
11,



















4,5,32,

7,
4,6,32,




10,
52,
50,
0,51,






4,5,19,

7,
4,6,19,




10,
52,
50,
0,51,












4,5,40,

7,
4,6,40,




10,
52,
50,
0,51,
















