







































































































































400,500,4400,

700,
400,600,4400,




1000,
5200,
5000,
0,5100,


100,

1500,1700,







1200,


3100,
2700,2800,

100,

1500,1700,







1200,


3100,
2700,2800,



1500,1700,







3100,
2700,2800,



1500,1700,







3100,
2700,2800,

100,

1500,1700,







1200,



100,

1500,1700,







1200,





1500,1700,










1500,1700,








100,

1500,1700,







1200,



100,

1500,1700,







1200,





1500,1700,










1500,1700,








100,

1500,1700,







1200,



100,

1500,1700,







1200,





1500,1700,










1500,1700,








100,

1500,1700,







1200,



100,

1500,1700,







1200,





1500,1700,










1500,1700,








100,

1500,1700,







1200,



100,

1500,1700,







1200,





1500,1700,










1500,1700,



















400,500,2300,

700,
400,600,2300,






5200,
5000,
0,5100,














1500,1600,






4500,


800,
4500,
1300,










1400,






1400,






1400,






1400,






1400,






1400,



1500,1600,














1400,



1400,



1400,



1400,



1400,



1400,

1500,1600,









3100,
2700,2900,


1500,1600,









3100,
2700,2900,




1500,1600,






2400,2600,


800,
2400,2500,
1300,


3100,
2700,2900,




1500,1600,






2400,2600,


800,
2400,2500,
1300,


3100,
2700,2900,


1500,1600,











1500,1600,













1500,1600,






3700,3900,


800,
3700,3800,
1300,






1500,1600,






3700,3900,


800,
3700,3800,
1300,




1500,1600,











1500,1600,













1500,1600,






4700,4900,


800,
4700,4800,
1300,






1500,1600,






4700,4900,


800,
4700,4800,
1300,




1500,1600,











1500,1600,













1500,1600,






3300,3500,


800,
3300,3400,
1300,






1500,1600,






3300,3500,


800,
3300,3400,
1300,




1500,1600,











1500,1600,













1500,1600,






2000,2200,


800,
2000,2100,
1300,






1500,1600,






2000,2200,


800,
2000,2100,
1300,




1500,1600,











1500,1600,













1500,1600,






4100,4300,


800,
4100,4200,
1300,






1500,1600,






4100,4300,


800,
4100,4200,
1300,








400,500,3600,

700,
400,600,3600,




1000,
5200,
5000,
0,5100,





400,500,4600,

700,
400,600,4600,




1000,
5200,
5000,
0,5100,









300,




200,
900,
1100,






1800,




1800,




1800,




1800,




1800,




1800,
















1800,


1800,


1800,


1800,


1800,


1800,









300,




200,
900,
1100,

3000,














3000,










300,




200,
900,
1100,























300,




200,
900,
1100,























300,




200,
900,
1100,























300,




200,
900,
1100,























300,




200,
900,
1100,



















400,500,3200,

700,
400,600,3200,




1000,
5200,
5000,
0,5100,






400,500,1900,

700,
400,600,1900,




1000,
5200,
5000,
0,5100,












400,500,4000,

700,
400,600,4000,




1000,
5200,
5000,
0,5100,
















