



0,400,401,500,600,700,1000,4400,4401,5000,5100,5200,
100,1200,1500,1700,2700,2800,3100,
100,1200,1500,1700,2700,2800,3100,
1500,1700,2700,2800,3100,
1500,1700,2700,2800,3100,
100,1200,1500,1700,
100,1200,1500,1700,
1500,1700,
1500,1700,
100,1200,1500,1700,
100,1200,1500,1700,
1500,1700,
1500,1700,
100,1200,1500,1700,
100,1200,1500,1700,
1500,1700,
1500,1700,
100,1200,1500,1700,
100,1200,1500,1700,
1500,1700,
1500,1700,
100,1200,1500,1700,
100,1200,1500,1700,
1500,1700,
1500,1700,

0,400,401,500,600,700,2300,2301,5000,5100,5200,
800,1300,1400,1401,1402,1403,1404,1405,1500,1600,4500,4501,
1400,1401,1402,1403,1404,1405,1500,1600,
1500,1600,2700,2900,3100,
1500,1600,2700,2900,3100,
800,1300,1500,1600,2400,2401,2500,2600,2700,2900,3100,
800,1300,1500,1600,2400,2401,2500,2600,2700,2900,3100,
1500,1600,
1500,1600,
800,1300,1500,1600,3700,3701,3800,3900,
800,1300,1500,1600,3700,3701,3800,3900,
1500,1600,
1500,1600,
800,1300,1500,1600,4700,4701,4800,4900,
800,1300,1500,1600,4700,4701,4800,4900,
1500,1600,
1500,1600,
800,1300,1500,1600,3300,3301,3400,3500,
800,1300,1500,1600,3300,3301,3400,3500,
1500,1600,
1500,1600,
800,1300,1500,1600,2000,2001,2100,2200,
800,1300,1500,1600,2000,2001,2100,2200,
1500,1600,
1500,1600,
800,1300,1500,1600,4100,4101,4200,4300,
800,1300,1500,1600,4100,4101,4200,4300,
0,400,401,500,600,700,1000,3600,3601,5000,5100,5200,
0,400,401,500,600,700,1000,4600,4601,5000,5100,5200,
200,300,900,1100,1800,1801,1802,1803,1804,1805,
1800,1801,1802,1803,1804,1805,
200,300,900,1100,3000,
3000,
200,300,900,1100,

200,300,900,1100,

200,300,900,1100,

200,300,900,1100,

200,300,900,1100,

0,400,401,500,600,700,1000,3200,3201,5000,5100,5200,

0,400,401,500,600,700,1000,1900,1901,5000,5100,5200,


0,400,401,500,600,700,1000,4000,4001,5000,5100,5200,

