0 2
25,25,40,41,46,47,50,

35
632,636,
641,
640,
637,
635,
625,

36
653,657,
662,
661,
658,
656,
646,
***********************************************
1 2
43,43,43,43,43,43,

59
1031,1036,1041,1046,1051,1056,

60
1073,1076,1079,1082,1085,1088,
***********************************************
2 2
44,44,44,44,44,44,50,

31
519,526,533,540,547,554,
496,

32
573,577,581,585,589,593,
558,
***********************************************
3 2
28,28,46,47,50,

51
884,888,
889,
887,
877,

52
903,907,
908,
906,
896,
***********************************************
4 2
22,22,46,47,50,

39
698,702,
703,
701,
691,

40
717,721,
722,
720,
710,
***********************************************
5 2
23,23,46,47,50,

47
822,826,
827,
825,
815,

48
841,845,
846,
844,
834,
***********************************************
6 2
26,26,46,47,50,

43
760,764,
765,
763,
753,

44
779,783,
784,
782,
772,
***********************************************
7 2
27,27,46,47,50,

55
946,950,
951,
949,
939,

56
965,969,
970,
968,
958,
***********************************************
8 6
29,33,34,37,38,48,48,

4
144,
147,
145,
138,
146,
136,139,

57
987,
990,
988,
981,
989,
979,982,

58
1004,
1007,
1005,
998,
1006,
996,999,

73
1292,
1295,
1293,
1286,
1294,
1284,1287,

75
1310,
1313,
1311,
1304,
1312,
1302,1305,

78
1334,
1337,
1335,
1328,
1336,
1326,1329,
***********************************************
9 7
33,34,37,38,48,48,

4
147,
145,
138,
146,
136,139,

30
481,
479,
471,
480,
469,472,

57
990,
988,
981,
989,
979,982,

58
1007,
1005,
998,
1006,
996,999,

73
1295,
1293,
1286,
1294,
1284,1287,

75
1313,
1311,
1304,
1312,
1302,1305,

78
1337,
1335,
1328,
1336,
1326,1329,
***********************************************
10 7
31,32,36,39,

59
1022,
1017,
1024,
1023,

61
1103,
1098,
1105,
1104,

63
1138,
1133,
1140,
1139,

65
1169,
1164,
1171,
1170,

67
1200,
1195,
1202,
1201,

69
1231,
1226,
1233,
1232,

71
1262,
1257,
1264,
1263,
***********************************************
11 2
40,41,42,45,49,

5
164,
163,
150,
160,
152,

6
180,
179,
166,
176,
168,
***********************************************
12 4
40,41,49,

5
164,
163,
152,

6
180,
179,
168,

7
193,
192,
184,

8
206,
205,
197,
***********************************************
13 4
40,41,50,

33
606,
605,
595,

34
620,
619,
609,

35
641,
640,
625,

36
662,
661,
646,
***********************************************
14 8
40,41,

5
164,
163,

6
180,
179,

7
193,
192,

8
206,
205,

33
606,
605,

34
620,
619,

35
641,
640,

36
662,
661,
***********************************************
15 12
42,45,49,

5
150,
160,
152,

6
166,
176,
168,

9
208,
218,
210,

10
222,
232,
224,

13
258,
268,
260,

14
272,
282,
274,

17
308,
318,
310,

18
322,
332,
324,

21
358,
368,
360,

22
372,
382,
374,

25
408,
418,
410,

26
422,
432,
424,
***********************************************
16 13
46,47,50,

31
508,
506,
496,

35
637,
635,
625,

36
658,
656,
646,

39
703,
701,
691,

40
722,
720,
710,

43
765,
763,
753,

44
784,
782,
772,

47
827,
825,
815,

48
846,
844,
834,

51
889,
887,
877,

52
908,
906,
896,

55
951,
949,
939,

56
970,
968,
958,
***********************************************
