2600 2400 (2)
4500 (2)
4400 400 (2)
1900 400 (2)
2200 2000 (2)
2300 400 (2)
2500 2400 (2)
4300 4100 (2)
3000 (2)
4200 4100 (2)
3200 400 (2)
3400 3300 (2)
3500 3300 (2)
3600 400 (2)
3800 3700 (2)
3900 3700 (2)
4000 400 (2)
2100 2000 (2)
4600 400 (2)
4800 4700 (2)
4900 4700 (2)
2800 2700 (4)
3700 (4)
3300 (4)
2900 2700 (4)
2400 (4)
4700 (4)
4100 (4)
2000 (4)
1000 (6)
500 400 (7)
200 (7)
300 (7)
0 5100 (7)
5200 (7)
600 400 (7)
1100 (7)
700 (7)
5000 (7)
900 (7)
2700 (8)
3100 (8)
100 (12)
1800 (12)
1400 (12)
1200 (12)
1300 (13)
800 (13)
400 (14)
1700 1500 (24)
1600 1500 (26)
1500 (50)
