2600 2500 2400 2900 3100 2700 800 1300 1600 1500 2401 (2)
3400 1500 1600 1300 800 3500 3300 3301 (2)
3000 (2)
1803 1801 1800 1802 1804 1805 (2)
2200 1500 1600 1300 800 2001 2000 2100 (2)
3700 1500 1600 1300 800 3701 3800 3900 (2)
4900 1500 1600 1300 800 4700 4701 4800 (2)
4300 1500 1600 1300 800 4100 4101 4200 (2)
1405 1500 1600 1400 1404 1403 1402 1401 (2)
2800 1500 1700 2700 3100 (4)
2800 1500 1700 1200 100 2700 3100 (2)
2900 1500 1600 2700 3100 (4)
1000 5200 0 5100 5000 700 400 401 500 600 (6)
600 5200 0 5100 5000 700 400 401 500 (7)
300 900 1100 200 (7)
3100 2700 1500 (8)
100 1500 1700 1200 (12)
800 1500 1600 1300 (13)
1700 1500 (24)
1600 1500 (26)
1500 (50)
