0;2
8,13,15,16,24,24,25,26,27,29,31,
35;918,69.4402
36;918,69.651

1;2
8,13,15,16,33,33,34,35,
47;692,63.37
48;692,63.6029

2;2
30,
61;71,8.29439
62;71,16.4733

3;2
18,18,18,18,18,18,
59;444,22.8513
60;444,43.8302

4;2
8,13,15,16,20,20,21,22,
51;692,63.37
52;692,63.6029

5;2
8,13,15,16,37,37,38,39,
39;692,63.1387
40;692,63.6029

6;2
8,13,15,16,47,47,48,49,
43;692,63.1387
44;692,63.6029

7;2
8,13,15,16,41,41,42,43,
55;692,63.37
56;692,63.6029

8;2
14,14,14,14,14,14,15,16,
31;1121,29.3917
32;1121,62.8363

9;4
15,17,27,28,31,
5;309,39.7683
6;309,39.7683
7;309,59.6525
8;309,59.6525

10;2
1,12,15,17,27,28,31,
5;469,60.3604
6;469,60.3604

11;4
15,16,27,29,31,
33;303,53.7234
34;303,53.7234
35;303,22.9198
36;303,22.9894

12;6
0,4,4,5,6,7,10,50,51,52,
4;522,37.2857
57;522,50.4348
58;522,50.4348
73;522,50.4348
75;522,50.4348
78;522,50.4348

13;7
0,4,4,5,6,7,50,51,52,
4;450,32.1429
30;450,32.3276
57;450,43.4783
58;450,43.4783
73;450,43.4783
75;450,43.4783
78;450,43.4783

14;7
2,3,9,11,
59;344,17.7046
61;344,40.1869
63;344,46.5494
65;344,46.5494
67;344,46.5494
69;344,46.5494
71;344,46.5494

15;8
15,27,31,
5;242,31.1454
6;242,31.1454
7;242,46.7181
8;242,46.7181
33;242,42.9078
34;242,42.9078
35;242,18.3056
36;242,18.3612

16;12
1,12,15,17,
5;239,30.7593
6;239,30.7593
9;239,44.0147
10;239,44.0147
13;239,44.0147
14;239,44.0147
17;239,44.0147
18;239,44.0147
21;239,44.0147
22;239,44.0147
25;239,44.0147
26;239,44.0147

17;13
8,13,15,16,
31;382,10.0157
35;382,28.8956
36;382,28.9833
39;382,34.854
40;382,35.1103
43;382,34.854
44;382,35.1103
47;382,34.9817
48;382,35.1103
51;382,34.9817
52;382,35.1103
55;382,34.9817
56;382,35.1103

18;24
15,17,
5;79,10.1673
6;79,10.1673
7;79,15.251
8;79,15.251
9;79,14.5488
10;79,14.5488
11;79,27.8169
12;79,27.8169
13;79,14.5488
14;79,14.5488
15;79,27.8169
16;79,27.8169
17;79,14.5488
18;79,14.5488
19;79,27.8169
20;79,27.8169
21;79,14.5488
22;79,14.5488
23;79,27.8169
24;79,27.8169
25;79,14.5488
26;79,14.5488
27;79,27.8169
28;79,27.8169

19;26
15,16,
31;77,2.01888
32;77,4.31614
33;77,13.6525
34;77,13.6525
35;77,5.82451
36;77,5.84219
37;77,23.0539
38;77,23.0539
39;77,7.02555
40;77,7.07721
41;77,23.0539
42;77,23.0539
43;77,7.02555
44;77,7.07721
45;77,23.0539
46;77,23.0539
47;77,7.05128
48;77,7.07721
49;77,23.0539
50;77,23.0539
51;77,7.05128
52;77,7.07721
53;77,23.0539
54;77,23.0539
55;77,7.05128
56;77,7.07721

20;50
15,
5;50,6.43501
6;50,6.43501
7;50,9.65251
8;50,9.65251
9;50,9.2081
10;50,9.2081
11;50,17.6056
12;50,17.6056
13;50,9.2081
14;50,9.2081
15;50,17.6056
16;50,17.6056
17;50,9.2081
18;50,9.2081
19;50,17.6056
20;50,17.6056
21;50,9.2081
22;50,9.2081
23;50,17.6056
24;50,17.6056
25;50,9.2081
26;50,9.2081
27;50,17.6056
28;50,17.6056
31;50,1.31096
32;50,2.80269
33;50,8.86525
34;50,8.86525
35;50,3.78215
36;50,3.79363
37;50,14.9701
38;50,14.9701
39;50,4.56204
40;50,4.59559
41;50,14.9701
42;50,14.9701
43;50,4.56204
44;50,4.59559
45;50,14.9701
46;50,14.9701
47;50,4.57875
48;50,4.59559
49;50,14.9701
50;50,14.9701
51;50,4.57875
52;50,4.59559
53;50,14.9701
54;50,14.9701
55;50,4.57875
56;50,4.59559

