8;2
14,14,14,14,14,14,15,16,
31;1121,29.3917
32;1121,62.8363

1;2
8,13,15,16,33,33,34,35,
47;692,63.37
48;692,63.6029

4;2
8,13,15,16,20,20,21,22,
51;692,63.37
52;692,63.6029

5;2
8,13,15,16,37,37,38,39,
39;692,63.1387
40;692,63.6029

6;2
8,13,15,16,47,47,48,49,
43;692,63.1387
44;692,63.6029

7;2
8,13,15,16,41,41,42,43,
55;692,63.37
56;692,63.6029

11;4
15,16,27,29,31,
33;303,53.7234
34;303,53.7234
35;303,22.9198
36;303,22.9894

9;4
15,17,27,28,31,
5;309,39.7683
6;309,39.7683
7;309,59.6525
8;309,59.6525

12;6
0,4,4,5,6,7,10,50,51,52,
4;522,37.2857
57;522,50.4348
58;522,50.4348
73;522,50.4348
75;522,50.4348
78;522,50.4348

