



29,33,34,37,38,48,48,
40,41,42,45,49,
40,41,42,45,49,
40,41,49,
40,41,49,
42,45,49,
42,45,49,
49,
49,
42,45,49,
42,45,49,
49,
49,
42,45,49,
42,45,49,
49,
49,
42,45,49,
42,45,49,
49,
49,
42,45,49,
42,45,49,
49,
49,

33,34,37,38,48,48,
1,1,44,44,44,44,44,44,46,47,50,
44,44,44,44,44,44,50,
40,41,50,
40,41,50,
25,25,40,41,46,47,50,
25,25,40,41,46,47,50,
50,
50,
22,22,46,47,50,
22,22,46,47,50,
50,
50,
26,26,46,47,50,
26,26,46,47,50,
50,
50,
23,23,46,47,50,
23,23,46,47,50,
50,
50,
28,28,46,47,50,
28,28,46,47,50,
50,
50,
27,27,46,47,50,
27,27,46,47,50,
29,33,34,37,38,48,48,
29,33,34,37,38,48,48,
31,32,36,39,43,43,43,43,43,43,
43,43,43,43,43,43,
8,31,32,36,39,
8,
31,32,36,39,

31,32,36,39,

31,32,36,39,

31,32,36,39,

31,32,36,39,

29,33,34,37,38,48,48,

29,33,34,37,38,48,48,


29,33,34,37,38,48,48,

