0;2
24,26,
632;155,100
653;155,100

1;2
45,
503;97,62.5806
507;97,62.5806

2;2
4,44,
136;61,83.5616
139;61,84.7222

3;2
4,19,
1302;61,83.5616
1305;61,84.7222

4;2
20,22,
884;155,100
903;155,100

5;2
4,23,
469;61,83.5616
472;61,84.7222

6;2
24,25,
636;155,100
657;155,100

7;2
41,43,
946;155,100
965;155,100

8;2
30,
1107;71,100
1122;71,100

9;2
41,42,
950;155,100
969;155,100

10;2
4,32,
1284;61,83.5616
1287;61,84.7222

11;2
33,34,
826;155,100
845;155,100

12;2
33,35,
822;155,100
841;155,100

13;2
4,36,
979;61,83.5616
982;61,84.7222

14;2
37,38,
702;155,100
721;155,100

15;2
37,39,
698;155,100
717;155,100

16;2
4,40,
1326;61,83.5616
1329;61,84.7222

17;2
20,21,
888;155,100
907;155,100

18;2
4,46,
996;61,83.5616
999;61,84.7222

19;2
47,48,
764;155,100
783;155,100

20;2
47,49,
760;155,100
779;155,100

21;4
27,28,
164;125,100
180;125,100
193;125,100
206;125,100

22;4
37,
698;97,62.5806
702;97,62.5806
717;97,62.5806
721;97,62.5806

23;4
33,
822;97,62.5806
826;97,62.5806
841;97,62.5806
845;97,62.5806

24;4
27,29,
606;121,100
620;121,100
641;121,100
662;121,100

25;4
24,
632;97,62.5806
636;97,62.5806
653;97,62.5806
657;97,62.5806

26;4
47,
760;97,62.5806
764;97,62.5806
779;97,62.5806
783;97,62.5806

27;4
41,
946;97,62.5806
950;97,62.5806
965;97,62.5806
969;97,62.5806

28;4
20,
884;97,62.5806
888;97,62.5806
903;97,62.5806
907;97,62.5806

29;6
10,
144;72,100
987;72,100
1004;72,100
1292;72,100
1310;72,100
1334;72,100

30;7
4,5,
136;68,93.1507
469;68,93.1507
979;68,93.1507
996;68,93.1507
1284;68,93.1507
1302;68,93.1507
1326;68,93.1507

31;7
2,
1022;65,92.8571
1103;65,92.8571
1138;65,92.8571
1169;65,92.8571
1200;65,92.8571
1231;65,92.8571
1262;65,92.8571

32;7
3,
1017;65,92.8571
1098;65,92.8571
1133;65,92.8571
1164;65,92.8571
1195;65,92.8571
1226;65,92.8571
1257;65,92.8571

33;7
0,51,
147;108,92.3077
481;108,92.3077
990;108,92.3077
1007;108,92.3077
1295;108,92.3077
1313;108,92.3077
1337;108,92.3077

34;7
52,
145;54,100
479;54,100
988;54,100
1005;54,100
1293;54,100
1311;54,100
1335;54,100

35;7
4,6,
139;67,93.0556
472;67,93.0556
982;67,93.0556
999;67,93.0556
1287;67,93.0556
1305;67,93.0556
1329;67,93.0556

36;7
11,
1024;51,100
1105;51,100
1140;51,100
1171;51,100
1202;51,100
1233;51,100
1264;51,100

37;7
7,
138;66,100
471;66,100
981;66,100
998;66,100
1286;66,100
1304;66,100
1328;66,100

38;7
50,
146;87,64.4444
480;87,64.4444
989;87,64.4444
1006;87,64.4444
1294;87,64.4444
1312;87,64.4444
1336;87,64.4444

39;7
9,
1023;163,100
1104;163,100
1139;163,100
1170;163,100
1201;163,100
1232;163,100
1263;163,100

40;8
27,
164;87,69.6
180;87,69.6
193;87,69.6
206;87,69.6
606;87,71.9008
620;87,71.9008
641;87,71.9008
662;87,71.9008

41;8
31,
163;105,100
179;105,100
192;105,100
205;105,100
605;105,100
619;105,100
640;105,100
661;105,100

42;12
1,
150;61,100
166;61,100
208;61,100
222;61,100
258;61,100
272;61,100
308;61,100
322;61,100
358;61,100
372;61,100
408;61,100
422;61,100

43;12
18,
1031;74,100
1036;74,100
1041;74,100
1046;74,100
1051;74,100
1056;74,100
1073;74,100
1076;74,100
1079;74,100
1082;74,100
1085;74,100
1088;74,100

44;12
14,
519;174,100
526;174,100
533;174,100
540;174,100
547;174,100
554;174,100
573;174,100
577;174,100
581;174,100
585;174,100
589;174,100
593;174,100

45;12
12,
160;99,100
176;99,100
218;99,100
232;99,100
268;99,100
282;99,100
318;99,100
332;99,100
368;99,100
382;99,100
418;99,100
432;99,100

46;13
13,
508;79,100
637;79,100
658;79,100
703;79,100
722;79,100
765;79,100
784;79,100
827;79,100
846;79,100
889;79,100
908;79,100
951;79,100
970;79,100

47;13
8,
506;226,100
635;226,100
656;226,100
701;226,100
720;226,100
763;226,100
782;226,100
825;226,100
844;226,100
887;226,100
906;226,100
949;226,100
968;226,100

48;14
4,
136;56,76.7123
139;56,77.7778
469;56,76.7123
472;56,77.7778
979;56,76.7123
982;56,77.7778
996;56,76.7123
999;56,77.7778
1284;56,76.7123
1287;56,77.7778
1302;56,76.7123
1305;56,77.7778
1326;56,76.7123
1329;56,77.7778

49;24
15,17,
152;79,100
168;79,100
184;79,100
197;79,100
210;79,100
224;79,100
238;79,100
249;79,100
260;79,100
274;79,100
288;79,100
299;79,100
310;79,100
324;79,100
338;79,100
349;79,100
360;79,100
374;79,100
388;79,100
399;79,100
410;79,100
424;79,100
438;79,100
449;79,100

50;26
15,16,
496;77,100
558;77,100
595;77,100
609;77,100
625;77,100
646;77,100
665;77,100
677;77,100
691;77,100
710;77,100
727;77,100
739;77,100
753;77,100
772;77,100
789;77,100
801;77,100
815;77,100
834;77,100
851;77,100
863;77,100
877;77,100
896;77,100
913;77,100
925;77,100
939;77,100
958;77,100

51;50
15,
152;50,63.2911
168;50,63.2911
184;50,63.2911
197;50,63.2911
210;50,63.2911
224;50,63.2911
238;50,63.2911
249;50,63.2911
260;50,63.2911
274;50,63.2911
288;50,63.2911
299;50,63.2911
310;50,63.2911
324;50,63.2911
338;50,63.2911
349;50,63.2911
360;50,63.2911
374;50,63.2911
388;50,63.2911
399;50,63.2911
410;50,63.2911
424;50,63.2911
438;50,63.2911
449;50,63.2911
496;50,64.9351
558;50,64.9351
595;50,64.9351
609;50,64.9351
625;50,64.9351
646;50,64.9351
665;50,64.9351
677;50,64.9351
691;50,64.9351
710;50,64.9351
727;50,64.9351
739;50,64.9351
753;50,64.9351
772;50,64.9351
789;50,64.9351
801;50,64.9351
815;50,64.9351
834;50,64.9351
851;50,64.9351
863;50,64.9351
877;50,64.9351
896;50,64.9351
913;50,64.9351
925;50,64.9351
939;50,64.9351
958;50,64.9351

