0,0,Bits( ),39,39,6
1,0,swap( ),44,47,30
2,0,swap( ),49,52,27
3,0,swap( ),54,59,44
4,0,swap( ),61,64,46
5,0,makeChar( ),69,71,31
6,0,getCharL( ),73,76,30
7,0,getCharL( ),78,81,27
8,0,getCharB( ),83,86,30
9,0,getCharB( ),88,91,27
10,0,getChar( ),93,95,34
11,0,getChar( ),97,99,27
12,0,char1( ),101,101,20
13,0,char0( ),102,102,20
14,0,putCharL( ),104,107,39
15,0,putCharL( ),109,112,36
16,0,putCharB( ),114,117,39
17,0,putCharB( ),119,122,36
18,0,putChar( ),124,129,41
19,0,putChar( ),131,136,34
20,0,makeShort( ),141,143,31
21,0,getShortL( ),145,148,30
22,0,getShortL( ),150,153,25
23,0,getShortB( ),155,158,30
24,0,getShortB( ),160,163,25
25,0,getShort( ),165,167,34
26,0,getShort( ),169,171,27
27,0,short1( ),173,173,20
28,0,short0( ),174,174,20
29,0,putShortL( ),176,179,39
30,0,putShortL( ),181,184,34
31,0,putShortB( ),186,189,39
32,0,putShortB( ),191,194,34
33,0,putShort( ),196,201,41
34,0,putShort( ),203,208,34
35,0,makeInt( ),213,218,62
36,0,getIntL( ),220,225,44
37,0,getIntL( ),227,232,41
38,0,getIntB( ),234,239,44
39,0,getIntB( ),241,246,41
40,0,getInt( ),248,250,34
41,0,getInt( ),252,254,27
42,0,int3( ),256,256,20
43,0,int2( ),257,257,20
44,0,int1( ),258,258,20
45,0,int0( ),259,259,20
46,0,putIntL( ),261,266,63
47,0,putIntL( ),268,273,60
48,0,putIntB( ),275,280,63
49,0,putIntB( ),282,287,60
50,0,putInt( ),289,294,41
51,0,putInt( ),296,301,34
52,0,makeLong( ),306,317,138
53,0,getLongL( ),319,328,72
54,0,getLongL( ),330,339,69
55,0,getLongB( ),341,350,72
56,0,getLongB( ),352,361,69
57,0,getLong( ),363,365,34
58,0,getLong( ),367,369,27
59,0,long7( ),371,371,20
60,0,long6( ),372,372,20
61,0,long5( ),373,373,20
62,0,long4( ),374,374,20
63,0,long3( ),375,375,20
64,0,long2( ),376,376,20
65,0,long1( ),377,377,20
66,0,long0( ),378,378,20
67,0,putLongL( ),380,389,111
68,0,putLongL( ),391,400,108
69,0,putLongB( ),402,411,111
70,0,putLongB( ),413,422,108
71,0,putLong( ),424,429,41
72,0,putLong( ),431,436,34
73,0,getFloatL( ),441,443,23
74,0,getFloatL( ),445,447,18
75,0,getFloatB( ),449,451,23
76,0,getFloatB( ),453,455,18
77,0,getFloat( ),457,459,34
78,0,getFloat( ),461,463,27
79,0,putFloatL( ),465,467,27
80,0,putFloatL( ),469,471,22
81,0,putFloatB( ),473,475,27
82,0,putFloatB( ),477,479,22
83,0,putFloat( ),481,486,41
84,0,putFloat( ),488,493,34
85,0,getDoubleL( ),498,500,23
86,0,getDoubleL( ),502,504,18
87,0,getDoubleB( ),506,508,23
88,0,getDoubleB( ),510,512,18
89,0,getDouble( ),514,516,34
90,0,getDouble( ),518,520,27
91,0,putDoubleL( ),522,524,27
92,0,putDoubleL( ),526,528,22
93,0,putDoubleB( ),530,532,27
94,0,putDoubleB( ),534,536,22
95,0,putDouble( ),538,543,41
96,0,putDouble( ),545,550,34
97,0,_get( ),557,559,16
98,0,_put( ),561,563,20
99,0,unsafe( ),565,567,10
100,0,byteOrder( ),574,578,23
101,0,pageSize( ),600,604,27
102,0,unaligned( ),610,619,50
103,0,reserveMemory( ),634,660,104
104,0,unreserveMemory( ),662,667,30
105,0,copyFromCharArray( ),687,691,29
106,0,copyToCharArray( ),693,697,29
107,1,Buffer( ),188,200,78
108,1,capacity( ),207,209,11
109,1,position( ),216,218,11
110,1,position( ),233,239,48
111,1,limit( ),246,248,11
112,1,limit( ),264,271,58
113,1,mark( ),278,281,15
114,1,reset( ),294,300,32
115,1,clear( ),319,324,24
116,1,flip( ),347,352,24
117,1,rewind( ),369,373,20
118,1,remaining( ),381,383,13
119,1,hasRemaining( ),392,394,13
120,1,nextGetIndex( ),489,493,23
121,1,nextGetIndex( ),495,501,35
122,1,nextPutIndex( ),510,514,23
123,1,nextPutIndex( ),516,522,35
124,1,checkIndex( ),529,533,32
125,1,checkIndex( ),535,539,37
126,1,markValue( ),541,543,10
127,1,checkBounds( ),545,548,47
128,2,BufferOverflowException( ),49,49,6
129,3,BufferUnderflowException( ),49,49,6
130,4,ByteBuffer( ),273,279,43
131,4,ByteBuffer( ),283,285,31
132,4,allocateDirect( ),304,306,17
133,4,allocate( ),326,330,31
134,4,wrap( ),363,371,45
135,4,wrap( ),389,391,22
136,4,get( ),665,673,73
137,4,get( ),691,693,21
138,4,put( ),739,748,66
139,4,put( ),800,808,72
140,4,put( ),829,831,22
141,4,hasArray( ),932,934,18
142,4,array( ),955,961,35
143,4,arrayOffset( ),983,989,33
144,4,toString( ),1046,1057,72
145,4,hashCode( ),1077,1083,54
146,4,equals( ),1110,1129,135
147,4,compareTo( ),1143,1157,117
148,4,order( ),1393,1395,15
149,4,order( ),1407,1412,35
150,5,ByteBufferAsCharBufferB( ),42,57,61
151,5,ByteBufferAsCharBufferB( ),59,70,41
152,5,slice( ),72,80,79
153,5,duplicate( ),82,89,32
154,5,asReadOnlyBuffer( ),91,102,32
155,5,ix( ),106,108,18
156,5,get( ),110,112,20
157,5,get( ),114,116,23
158,5,put( ),120,127,26
159,5,put( ),129,136,30
160,5,compact( ),138,157,99
161,5,isDirect( ),159,161,12
162,5,isReadOnly( ),163,165,10
163,5,toString( ),169,184,105
164,5,subSequence( ),189,202,125
165,5,order( ),207,214,10
166,6,ByteBufferAsCharBufferL( ),42,57,61
167,6,ByteBufferAsCharBufferL( ),59,70,41
168,6,slice( ),72,80,79
169,6,duplicate( ),82,89,32
170,6,asReadOnlyBuffer( ),91,102,32
171,6,ix( ),106,108,18
172,6,get( ),110,112,20
173,6,get( ),114,116,23
174,6,put( ),120,127,26
175,6,put( ),129,136,30
176,6,compact( ),138,157,99
177,6,isDirect( ),159,161,12
178,6,isReadOnly( ),163,165,10
179,6,toString( ),169,184,105
180,6,subSequence( ),189,202,125
181,6,order( ),207,214,10
182,7,ByteBufferAsCharBufferRB( ),42,57,12
183,7,ByteBufferAsCharBufferRB( ),59,70,37
184,7,slice( ),72,80,79
185,7,duplicate( ),82,89,32
186,7,asReadOnlyBuffer( ),91,102,12
187,7,put( ),120,127,15
188,7,put( ),129,136,18
189,7,compact( ),138,157,13
190,7,isDirect( ),159,161,12
191,7,isReadOnly( ),163,165,10
192,7,toString( ),169,184,105
193,7,subSequence( ),189,202,125
194,7,order( ),207,214,10
195,8,ByteBufferAsCharBufferRL( ),42,57,12
196,8,ByteBufferAsCharBufferRL( ),59,70,37
197,8,slice( ),72,80,79
198,8,duplicate( ),82,89,32
199,8,asReadOnlyBuffer( ),91,102,12
200,8,put( ),120,127,15
201,8,put( ),129,136,18
202,8,compact( ),138,157,13
203,8,isDirect( ),159,161,12
204,8,isReadOnly( ),163,165,10
205,8,toString( ),169,184,105
206,8,subSequence( ),189,202,125
207,8,order( ),207,214,10
208,9,ByteBufferAsDoubleBufferB( ),42,57,61
209,9,ByteBufferAsDoubleBufferB( ),59,70,41
210,9,slice( ),72,80,79
211,9,duplicate( ),82,89,32
212,9,asReadOnlyBuffer( ),91,102,32
213,9,ix( ),106,108,18
214,9,get( ),110,112,20
215,9,get( ),114,116,23
216,9,put( ),120,127,26
217,9,put( ),129,136,30
218,9,compact( ),138,157,99
219,9,isDirect( ),159,161,12
220,9,isReadOnly( ),163,165,10
221,9,order( ),207,214,10
222,10,ByteBufferAsDoubleBufferL( ),42,57,61
223,10,ByteBufferAsDoubleBufferL( ),59,70,41
224,10,slice( ),72,80,79
225,10,duplicate( ),82,89,32
226,10,asReadOnlyBuffer( ),91,102,32
227,10,ix( ),106,108,18
228,10,get( ),110,112,20
229,10,get( ),114,116,23
230,10,put( ),120,127,26
231,10,put( ),129,136,30
232,10,compact( ),138,157,99
233,10,isDirect( ),159,161,12
234,10,isReadOnly( ),163,165,10
235,10,order( ),207,214,10
236,11,ByteBufferAsDoubleBufferRB( ),42,57,12
237,11,ByteBufferAsDoubleBufferRB( ),59,70,37
238,11,slice( ),72,80,79
239,11,duplicate( ),82,89,32
240,11,asReadOnlyBuffer( ),91,102,12
241,11,put( ),120,127,15
242,11,put( ),129,136,18
243,11,compact( ),138,157,13
244,11,isDirect( ),159,161,12
245,11,isReadOnly( ),163,165,10
246,11,order( ),207,214,10
247,12,ByteBufferAsDoubleBufferRL( ),42,57,12
248,12,ByteBufferAsDoubleBufferRL( ),59,70,37
249,12,slice( ),72,80,79
250,12,duplicate( ),82,89,32
251,12,asReadOnlyBuffer( ),91,102,12
252,12,put( ),120,127,15
253,12,put( ),129,136,18
254,12,compact( ),138,157,13
255,12,isDirect( ),159,161,12
256,12,isReadOnly( ),163,165,10
257,12,order( ),207,214,10
258,13,ByteBufferAsFloatBufferB( ),42,57,61
259,13,ByteBufferAsFloatBufferB( ),59,70,41
260,13,slice( ),72,80,79
261,13,duplicate( ),82,89,32
262,13,asReadOnlyBuffer( ),91,102,32
263,13,ix( ),106,108,18
264,13,get( ),110,112,20
265,13,get( ),114,116,23
266,13,put( ),120,127,26
267,13,put( ),129,136,30
268,13,compact( ),138,157,99
269,13,isDirect( ),159,161,12
270,13,isReadOnly( ),163,165,10
271,13,order( ),207,214,10
272,14,ByteBufferAsFloatBufferL( ),42,57,61
273,14,ByteBufferAsFloatBufferL( ),59,70,41
274,14,slice( ),72,80,79
275,14,duplicate( ),82,89,32
276,14,asReadOnlyBuffer( ),91,102,32
277,14,ix( ),106,108,18
278,14,get( ),110,112,20
279,14,get( ),114,116,23
280,14,put( ),120,127,26
281,14,put( ),129,136,30
282,14,compact( ),138,157,99
283,14,isDirect( ),159,161,12
284,14,isReadOnly( ),163,165,10
285,14,order( ),207,214,10
286,15,ByteBufferAsFloatBufferRB( ),42,57,12
287,15,ByteBufferAsFloatBufferRB( ),59,70,37
288,15,slice( ),72,80,79
289,15,duplicate( ),82,89,32
290,15,asReadOnlyBuffer( ),91,102,12
291,15,put( ),120,127,15
292,15,put( ),129,136,18
293,15,compact( ),138,157,13
294,15,isDirect( ),159,161,12
295,15,isReadOnly( ),163,165,10
296,15,order( ),207,214,10
297,16,ByteBufferAsFloatBufferRL( ),42,57,12
298,16,ByteBufferAsFloatBufferRL( ),59,70,37
299,16,slice( ),72,80,79
300,16,duplicate( ),82,89,32
301,16,asReadOnlyBuffer( ),91,102,12
302,16,put( ),120,127,15
303,16,put( ),129,136,18
304,16,compact( ),138,157,13
305,16,isDirect( ),159,161,12
306,16,isReadOnly( ),163,165,10
307,16,order( ),207,214,10
308,17,ByteBufferAsIntBufferB( ),42,57,61
309,17,ByteBufferAsIntBufferB( ),59,70,41
310,17,slice( ),72,80,79
311,17,duplicate( ),82,89,32
312,17,asReadOnlyBuffer( ),91,102,32
313,17,ix( ),106,108,18
314,17,get( ),110,112,20
315,17,get( ),114,116,23
316,17,put( ),120,127,26
317,17,put( ),129,136,30
318,17,compact( ),138,157,99
319,17,isDirect( ),159,161,12
320,17,isReadOnly( ),163,165,10
321,17,order( ),207,214,10
322,18,ByteBufferAsIntBufferL( ),42,57,61
323,18,ByteBufferAsIntBufferL( ),59,70,41
324,18,slice( ),72,80,79
325,18,duplicate( ),82,89,32
326,18,asReadOnlyBuffer( ),91,102,32
327,18,ix( ),106,108,18
328,18,get( ),110,112,20
329,18,get( ),114,116,23
330,18,put( ),120,127,26
331,18,put( ),129,136,30
332,18,compact( ),138,157,99
333,18,isDirect( ),159,161,12
334,18,isReadOnly( ),163,165,10
335,18,order( ),207,214,10
336,19,ByteBufferAsIntBufferRB( ),42,57,12
337,19,ByteBufferAsIntBufferRB( ),59,70,37
338,19,slice( ),72,80,79
339,19,duplicate( ),82,89,32
340,19,asReadOnlyBuffer( ),91,102,12
341,19,put( ),120,127,15
342,19,put( ),129,136,18
343,19,compact( ),138,157,13
344,19,isDirect( ),159,161,12
345,19,isReadOnly( ),163,165,10
346,19,order( ),207,214,10
347,20,ByteBufferAsIntBufferRL( ),42,57,12
348,20,ByteBufferAsIntBufferRL( ),59,70,37
349,20,slice( ),72,80,79
350,20,duplicate( ),82,89,32
351,20,asReadOnlyBuffer( ),91,102,12
352,20,put( ),120,127,15
353,20,put( ),129,136,18
354,20,compact( ),138,157,13
355,20,isDirect( ),159,161,12
356,20,isReadOnly( ),163,165,10
357,20,order( ),207,214,10
358,21,ByteBufferAsLongBufferB( ),42,57,61
359,21,ByteBufferAsLongBufferB( ),59,70,41
360,21,slice( ),72,80,79
361,21,duplicate( ),82,89,32
362,21,asReadOnlyBuffer( ),91,102,32
363,21,ix( ),106,108,18
364,21,get( ),110,112,20
365,21,get( ),114,116,23
366,21,put( ),120,127,26
367,21,put( ),129,136,30
368,21,compact( ),138,157,99
369,21,isDirect( ),159,161,12
370,21,isReadOnly( ),163,165,10
371,21,order( ),207,214,10
372,22,ByteBufferAsLongBufferL( ),42,57,61
373,22,ByteBufferAsLongBufferL( ),59,70,41
374,22,slice( ),72,80,79
375,22,duplicate( ),82,89,32
376,22,asReadOnlyBuffer( ),91,102,32
377,22,ix( ),106,108,18
378,22,get( ),110,112,20
379,22,get( ),114,116,23
380,22,put( ),120,127,26
381,22,put( ),129,136,30
382,22,compact( ),138,157,99
383,22,isDirect( ),159,161,12
384,22,isReadOnly( ),163,165,10
385,22,order( ),207,214,10
386,23,ByteBufferAsLongBufferRB( ),42,57,12
387,23,ByteBufferAsLongBufferRB( ),59,70,37
388,23,slice( ),72,80,79
389,23,duplicate( ),82,89,32
390,23,asReadOnlyBuffer( ),91,102,12
391,23,put( ),120,127,15
392,23,put( ),129,136,18
393,23,compact( ),138,157,13
394,23,isDirect( ),159,161,12
395,23,isReadOnly( ),163,165,10
396,23,order( ),207,214,10
397,24,ByteBufferAsLongBufferRL( ),42,57,12
398,24,ByteBufferAsLongBufferRL( ),59,70,37
399,24,slice( ),72,80,79
400,24,duplicate( ),82,89,32
401,24,asReadOnlyBuffer( ),91,102,12
402,24,put( ),120,127,15
403,24,put( ),129,136,18
404,24,compact( ),138,157,13
405,24,isDirect( ),159,161,12
406,24,isReadOnly( ),163,165,10
407,24,order( ),207,214,10
408,25,ByteBufferAsShortBufferB( ),42,57,61
409,25,ByteBufferAsShortBufferB( ),59,70,41
410,25,slice( ),72,80,79
411,25,duplicate( ),82,89,32
412,25,asReadOnlyBuffer( ),91,102,32
413,25,ix( ),106,108,18
414,25,get( ),110,112,20
415,25,get( ),114,116,23
416,25,put( ),120,127,26
417,25,put( ),129,136,30
418,25,compact( ),138,157,99
419,25,isDirect( ),159,161,12
420,25,isReadOnly( ),163,165,10
421,25,order( ),207,214,10
422,26,ByteBufferAsShortBufferL( ),42,57,61
423,26,ByteBufferAsShortBufferL( ),59,70,41
424,26,slice( ),72,80,79
425,26,duplicate( ),82,89,32
426,26,asReadOnlyBuffer( ),91,102,32
427,26,ix( ),106,108,18
428,26,get( ),110,112,20
429,26,get( ),114,116,23
430,26,put( ),120,127,26
431,26,put( ),129,136,30
432,26,compact( ),138,157,99
433,26,isDirect( ),159,161,12
434,26,isReadOnly( ),163,165,10
435,26,order( ),207,214,10
436,27,ByteBufferAsShortBufferRB( ),42,57,12
437,27,ByteBufferAsShortBufferRB( ),59,70,37
438,27,slice( ),72,80,79
439,27,duplicate( ),82,89,32
440,27,asReadOnlyBuffer( ),91,102,12
441,27,put( ),120,127,15
442,27,put( ),129,136,18
443,27,compact( ),138,157,13
444,27,isDirect( ),159,161,12
445,27,isReadOnly( ),163,165,10
446,27,order( ),207,214,10
447,28,ByteBufferAsShortBufferRL( ),42,57,12
448,28,ByteBufferAsShortBufferRL( ),59,70,37
449,28,slice( ),72,80,79
450,28,duplicate( ),82,89,32
451,28,asReadOnlyBuffer( ),91,102,12
452,28,put( ),120,127,15
453,28,put( ),129,136,18
454,28,compact( ),138,157,13
455,28,isDirect( ),159,161,12
456,28,isReadOnly( ),163,165,10
457,28,order( ),207,214,10
458,29,ByteOrder( ),41,43,12
459,29,nativeOrder( ),72,74,13
460,29,toString( ),85,87,10
461,30,CharBuffer( ),273,279,43
462,30,CharBuffer( ),283,285,31
463,30,allocate( ),326,330,31
464,30,wrap( ),363,371,45
465,30,wrap( ),389,391,22
466,30,read( ),409,427,92
467,30,wrap( ),458,464,43
468,30,wrap( ),480,482,22
469,30,get( ),665,673,73
470,30,get( ),691,693,21
471,30,put( ),739,748,66
472,30,put( ),800,808,72
473,30,put( ),829,831,22
474,30,put( ),887,892,53
475,30,put( ),912,914,22
476,30,hasArray( ),932,934,18
477,30,array( ),955,961,35
478,30,arrayOffset( ),983,989,33
479,30,hashCode( ),1077,1083,54
480,30,equals( ),1110,1129,135
481,30,compareTo( ),1143,1157,117
482,30,toString( ),1175,1177,19
483,30,length( ),1194,1196,13
484,30,charAt( ),1212,1214,25
485,30,append( ),1282,1287,30
486,30,append( ),1321,1324,43
487,30,append( ),1349,1351,15
488,31,viewedBuffer( ),61,63,10
489,31,Deallocator( ),76,80,26
490,31,run( ),82,90,31
491,31,cleaner( ),96,96,10
492,31,DirectByteBuffer( ),110,133,127
493,31,DirectByteBuffer( ),139,143,33
494,31,DirectByteBuffer( ),149,158,45
495,31,DirectByteBuffer( ),164,178,49
496,31,slice( ),180,188,77
497,31,duplicate( ),190,197,32
498,31,asReadOnlyBuffer( ),199,210,32
499,31,address( ),214,216,10
500,31,ix( ),218,220,18
501,31,get( ),222,224,22
502,31,get( ),226,228,25
503,31,get( ),230,257,155
504,31,put( ),261,268,28
505,31,put( ),270,277,32
506,31,put( ),279,318,226
507,31,put( ),320,345,155
508,31,compact( ),347,362,79
509,31,isDirect( ),364,366,10
510,31,isReadOnly( ),368,370,10
511,31,_get( ),433,435,16
512,31,_put( ),437,443,20
513,31,getChar( ),448,454,43
514,31,getChar( ),456,458,23
515,31,getChar( ),460,462,27
516,31,putChar( ),466,478,56
517,31,putChar( ),480,487,29
518,31,putChar( ),489,496,34
519,31,asCharBuffer( ),498,534,174
520,31,getShort( ),539,545,43
521,31,getShort( ),547,549,23
522,31,getShort( ),551,553,27
523,31,putShort( ),557,569,56
524,31,putShort( ),571,578,29
525,31,putShort( ),580,587,34
526,31,asShortBuffer( ),589,625,174
527,31,getInt( ),630,636,43
528,31,getInt( ),638,640,23
529,31,getInt( ),642,644,27
530,31,putInt( ),648,660,56
531,31,putInt( ),662,669,29
532,31,putInt( ),671,678,34
533,31,asIntBuffer( ),680,716,174
534,31,getLong( ),721,727,43
535,31,getLong( ),729,731,23
536,31,getLong( ),733,735,27
537,31,putLong( ),739,751,56
538,31,putLong( ),753,760,29
539,31,putLong( ),762,769,34
540,31,asLongBuffer( ),771,807,174
541,31,getFloat( ),812,818,44
542,31,getFloat( ),820,822,23
543,31,getFloat( ),824,826,27
544,31,putFloat( ),830,842,57
545,31,putFloat( ),844,851,29
546,31,putFloat( ),853,860,34
547,31,asFloatBuffer( ),862,898,174
548,31,getDouble( ),903,909,44
549,31,getDouble( ),911,913,23
550,31,getDouble( ),915,917,27
551,31,putDouble( ),921,933,57
552,31,putDouble( ),935,942,29
553,31,putDouble( ),944,951,34
554,31,asDoubleBuffer( ),953,989,174
555,32,DirectByteBufferR( ),110,133,12
556,32,DirectByteBufferR( ),149,158,23
557,32,DirectByteBufferR( ),164,178,37
558,32,slice( ),180,188,77
559,32,duplicate( ),190,197,32
560,32,asReadOnlyBuffer( ),199,210,12
561,32,put( ),261,268,15
562,32,put( ),270,277,18
563,32,put( ),279,318,15
564,32,put( ),320,345,23
565,32,compact( ),347,362,13
566,32,isDirect( ),364,366,10
567,32,isReadOnly( ),368,370,10
568,32,_get( ),433,435,16
569,32,_put( ),437,443,17
570,32,putChar( ),466,478,18
571,32,putChar( ),480,487,15
572,32,putChar( ),489,496,18
573,32,asCharBuffer( ),498,534,174
574,32,putShort( ),557,569,18
575,32,putShort( ),571,578,15
576,32,putShort( ),580,587,18
577,32,asShortBuffer( ),589,625,174
578,32,putInt( ),648,660,18
579,32,putInt( ),662,669,15
580,32,putInt( ),671,678,18
581,32,asIntBuffer( ),680,716,174
582,32,putLong( ),739,751,18
583,32,putLong( ),753,760,15
584,32,putLong( ),762,769,18
585,32,asLongBuffer( ),771,807,174
586,32,putFloat( ),830,842,18
587,32,putFloat( ),844,851,15
588,32,putFloat( ),853,860,18
589,32,asFloatBuffer( ),862,898,174
590,32,putDouble( ),921,933,18
591,32,putDouble( ),935,942,15
592,32,putDouble( ),944,951,18
593,32,asDoubleBuffer( ),953,989,174
594,33,DirectCharBufferRS( ),164,178,37
595,33,slice( ),180,188,77
596,33,duplicate( ),190,197,32
597,33,asReadOnlyBuffer( ),199,210,12
598,33,put( ),261,268,15
599,33,put( ),270,277,18
600,33,put( ),279,318,15
601,33,put( ),320,345,23
602,33,compact( ),347,362,13
603,33,isDirect( ),364,366,10
604,33,isReadOnly( ),368,370,10
605,33,toString( ),375,390,105
606,33,subSequence( ),395,408,121
607,33,order( ),416,425,22
608,34,DirectCharBufferRU( ),164,178,37
609,34,slice( ),180,188,77
610,34,duplicate( ),190,197,32
611,34,asReadOnlyBuffer( ),199,210,12
612,34,put( ),261,268,15
613,34,put( ),270,277,18
614,34,put( ),279,318,15
615,34,put( ),320,345,23
616,34,compact( ),347,362,13
617,34,isDirect( ),364,366,10
618,34,isReadOnly( ),368,370,10
619,34,toString( ),375,390,105
620,34,subSequence( ),395,408,121
621,34,order( ),416,425,22
622,35,viewedBuffer( ),61,63,10
623,35,cleaner( ),100,100,10
624,35,DirectCharBufferS( ),164,178,45
625,35,slice( ),180,188,77
626,35,duplicate( ),190,197,32
627,35,asReadOnlyBuffer( ),199,210,32
628,35,address( ),214,216,10
629,35,ix( ),218,220,18
630,35,get( ),222,224,23
631,35,get( ),226,228,26
632,35,get( ),230,257,155
633,35,put( ),261,268,29
634,35,put( ),270,277,33
635,35,put( ),279,318,226
636,35,put( ),320,345,155
637,35,compact( ),347,362,79
638,35,isDirect( ),364,366,10
639,35,isReadOnly( ),368,370,10
640,35,toString( ),375,390,105
641,35,subSequence( ),395,408,121
642,35,order( ),416,425,22
643,36,viewedBuffer( ),61,63,10
644,36,cleaner( ),100,100,10
645,36,DirectCharBufferU( ),164,178,45
646,36,slice( ),180,188,77
647,36,duplicate( ),190,197,32
648,36,asReadOnlyBuffer( ),199,210,32
649,36,address( ),214,216,10
650,36,ix( ),218,220,18
651,36,get( ),222,224,22
652,36,get( ),226,228,25
653,36,get( ),230,257,155
654,36,put( ),261,268,28
655,36,put( ),270,277,32
656,36,put( ),279,318,226
657,36,put( ),320,345,155
658,36,compact( ),347,362,79
659,36,isDirect( ),364,366,10
660,36,isReadOnly( ),368,370,10
661,36,toString( ),375,390,105
662,36,subSequence( ),395,408,121
663,36,order( ),416,425,22
664,37,DirectDoubleBufferRS( ),164,178,37
665,37,slice( ),180,188,77
666,37,duplicate( ),190,197,32
667,37,asReadOnlyBuffer( ),199,210,12
668,37,put( ),261,268,15
669,37,put( ),270,277,18
670,37,put( ),279,318,15
671,37,put( ),320,345,23
672,37,compact( ),347,362,13
673,37,isDirect( ),364,366,10
674,37,isReadOnly( ),368,370,10
675,37,order( ),416,425,22
676,38,DirectDoubleBufferRU( ),164,178,37
677,38,slice( ),180,188,77
678,38,duplicate( ),190,197,32
679,38,asReadOnlyBuffer( ),199,210,12
680,38,put( ),261,268,15
681,38,put( ),270,277,18
682,38,put( ),279,318,15
683,38,put( ),320,345,23
684,38,compact( ),347,362,13
685,38,isDirect( ),364,366,10
686,38,isReadOnly( ),368,370,10
687,38,order( ),416,425,22
688,39,viewedBuffer( ),61,63,10
689,39,cleaner( ),100,100,10
690,39,DirectDoubleBufferS( ),164,178,45
691,39,slice( ),180,188,77
692,39,duplicate( ),190,197,32
693,39,asReadOnlyBuffer( ),199,210,32
694,39,address( ),214,216,10
695,39,ix( ),218,220,18
696,39,get( ),222,224,24
697,39,get( ),226,228,27
698,39,get( ),230,257,155
699,39,put( ),261,268,30
700,39,put( ),270,277,34
701,39,put( ),279,318,226
702,39,put( ),320,345,155
703,39,compact( ),347,362,79
704,39,isDirect( ),364,366,10
705,39,isReadOnly( ),368,370,10
706,39,order( ),416,425,22
707,40,viewedBuffer( ),61,63,10
708,40,cleaner( ),100,100,10
709,40,DirectDoubleBufferU( ),164,178,45
710,40,slice( ),180,188,77
711,40,duplicate( ),190,197,32
712,40,asReadOnlyBuffer( ),199,210,32
713,40,address( ),214,216,10
714,40,ix( ),218,220,18
715,40,get( ),222,224,22
716,40,get( ),226,228,25
717,40,get( ),230,257,155
718,40,put( ),261,268,28
719,40,put( ),270,277,32
720,40,put( ),279,318,226
721,40,put( ),320,345,155
722,40,compact( ),347,362,79
723,40,isDirect( ),364,366,10
724,40,isReadOnly( ),368,370,10
725,40,order( ),416,425,22
726,41,DirectFloatBufferRS( ),164,178,37
727,41,slice( ),180,188,77
728,41,duplicate( ),190,197,32
729,41,asReadOnlyBuffer( ),199,210,12
730,41,put( ),261,268,15
731,41,put( ),270,277,18
732,41,put( ),279,318,15
733,41,put( ),320,345,23
734,41,compact( ),347,362,13
735,41,isDirect( ),364,366,10
736,41,isReadOnly( ),368,370,10
737,41,order( ),416,425,22
738,42,DirectFloatBufferRU( ),164,178,37
739,42,slice( ),180,188,77
740,42,duplicate( ),190,197,32
741,42,asReadOnlyBuffer( ),199,210,12
742,42,put( ),261,268,15
743,42,put( ),270,277,18
744,42,put( ),279,318,15
745,42,put( ),320,345,23
746,42,compact( ),347,362,13
747,42,isDirect( ),364,366,10
748,42,isReadOnly( ),368,370,10
749,42,order( ),416,425,22
750,43,viewedBuffer( ),61,63,10
751,43,cleaner( ),100,100,10
752,43,DirectFloatBufferS( ),164,178,45
753,43,slice( ),180,188,77
754,43,duplicate( ),190,197,32
755,43,asReadOnlyBuffer( ),199,210,32
756,43,address( ),214,216,10
757,43,ix( ),218,220,18
758,43,get( ),222,224,24
759,43,get( ),226,228,27
760,43,get( ),230,257,155
761,43,put( ),261,268,30
762,43,put( ),270,277,34
763,43,put( ),279,318,226
764,43,put( ),320,345,155
765,43,compact( ),347,362,79
766,43,isDirect( ),364,366,10
767,43,isReadOnly( ),368,370,10
768,43,order( ),416,425,22
769,44,viewedBuffer( ),61,63,10
770,44,cleaner( ),100,100,10
771,44,DirectFloatBufferU( ),164,178,45
772,44,slice( ),180,188,77
773,44,duplicate( ),190,197,32
774,44,asReadOnlyBuffer( ),199,210,32
775,44,address( ),214,216,10
776,44,ix( ),218,220,18
777,44,get( ),222,224,22
778,44,get( ),226,228,25
779,44,get( ),230,257,155
780,44,put( ),261,268,28
781,44,put( ),270,277,32
782,44,put( ),279,318,226
783,44,put( ),320,345,155
784,44,compact( ),347,362,79
785,44,isDirect( ),364,366,10
786,44,isReadOnly( ),368,370,10
787,44,order( ),416,425,22
788,45,DirectIntBufferRS( ),164,178,37
789,45,slice( ),180,188,77
790,45,duplicate( ),190,197,32
791,45,asReadOnlyBuffer( ),199,210,12
792,45,put( ),261,268,15
793,45,put( ),270,277,18
794,45,put( ),279,318,15
795,45,put( ),320,345,23
796,45,compact( ),347,362,13
797,45,isDirect( ),364,366,10
798,45,isReadOnly( ),368,370,10
799,45,order( ),416,425,22
800,46,DirectIntBufferRU( ),164,178,37
801,46,slice( ),180,188,77
802,46,duplicate( ),190,197,32
803,46,asReadOnlyBuffer( ),199,210,12
804,46,put( ),261,268,15
805,46,put( ),270,277,18
806,46,put( ),279,318,15
807,46,put( ),320,345,23
808,46,compact( ),347,362,13
809,46,isDirect( ),364,366,10
810,46,isReadOnly( ),368,370,10
811,46,order( ),416,425,22
812,47,viewedBuffer( ),61,63,10
813,47,cleaner( ),100,100,10
814,47,DirectIntBufferS( ),164,178,45
815,47,slice( ),180,188,77
816,47,duplicate( ),190,197,32
817,47,asReadOnlyBuffer( ),199,210,32
818,47,address( ),214,216,10
819,47,ix( ),218,220,18
820,47,get( ),222,224,23
821,47,get( ),226,228,26
822,47,get( ),230,257,155
823,47,put( ),261,268,29
824,47,put( ),270,277,33
825,47,put( ),279,318,226
826,47,put( ),320,345,155
827,47,compact( ),347,362,79
828,47,isDirect( ),364,366,10
829,47,isReadOnly( ),368,370,10
830,47,order( ),416,425,22
831,48,viewedBuffer( ),61,63,10
832,48,cleaner( ),100,100,10
833,48,DirectIntBufferU( ),164,178,45
834,48,slice( ),180,188,77
835,48,duplicate( ),190,197,32
836,48,asReadOnlyBuffer( ),199,210,32
837,48,address( ),214,216,10
838,48,ix( ),218,220,18
839,48,get( ),222,224,22
840,48,get( ),226,228,25
841,48,get( ),230,257,155
842,48,put( ),261,268,28
843,48,put( ),270,277,32
844,48,put( ),279,318,226
845,48,put( ),320,345,155
846,48,compact( ),347,362,79
847,48,isDirect( ),364,366,10
848,48,isReadOnly( ),368,370,10
849,48,order( ),416,425,22
850,49,DirectLongBufferRS( ),164,178,37
851,49,slice( ),180,188,77
852,49,duplicate( ),190,197,32
853,49,asReadOnlyBuffer( ),199,210,12
854,49,put( ),261,268,15
855,49,put( ),270,277,18
856,49,put( ),279,318,15
857,49,put( ),320,345,23
858,49,compact( ),347,362,13
859,49,isDirect( ),364,366,10
860,49,isReadOnly( ),368,370,10
861,49,order( ),416,425,22
862,50,DirectLongBufferRU( ),164,178,37
863,50,slice( ),180,188,77
864,50,duplicate( ),190,197,32
865,50,asReadOnlyBuffer( ),199,210,12
866,50,put( ),261,268,15
867,50,put( ),270,277,18
868,50,put( ),279,318,15
869,50,put( ),320,345,23
870,50,compact( ),347,362,13
871,50,isDirect( ),364,366,10
872,50,isReadOnly( ),368,370,10
873,50,order( ),416,425,22
874,51,viewedBuffer( ),61,63,10
875,51,cleaner( ),100,100,10
876,51,DirectLongBufferS( ),164,178,45
877,51,slice( ),180,188,77
878,51,duplicate( ),190,197,32
879,51,asReadOnlyBuffer( ),199,210,32
880,51,address( ),214,216,10
881,51,ix( ),218,220,18
882,51,get( ),222,224,23
883,51,get( ),226,228,26
884,51,get( ),230,257,155
885,51,put( ),261,268,29
886,51,put( ),270,277,33
887,51,put( ),279,318,226
888,51,put( ),320,345,155
889,51,compact( ),347,362,79
890,51,isDirect( ),364,366,10
891,51,isReadOnly( ),368,370,10
892,51,order( ),416,425,22
893,52,viewedBuffer( ),61,63,10
894,52,cleaner( ),100,100,10
895,52,DirectLongBufferU( ),164,178,45
896,52,slice( ),180,188,77
897,52,duplicate( ),190,197,32
898,52,asReadOnlyBuffer( ),199,210,32
899,52,address( ),214,216,10
900,52,ix( ),218,220,18
901,52,get( ),222,224,22
902,52,get( ),226,228,25
903,52,get( ),230,257,155
904,52,put( ),261,268,28
905,52,put( ),270,277,32
906,52,put( ),279,318,226
907,52,put( ),320,345,155
908,52,compact( ),347,362,79
909,52,isDirect( ),364,366,10
910,52,isReadOnly( ),368,370,10
911,52,order( ),416,425,22
912,53,DirectShortBufferRS( ),164,178,37
913,53,slice( ),180,188,77
914,53,duplicate( ),190,197,32
915,53,asReadOnlyBuffer( ),199,210,12
916,53,put( ),261,268,15
917,53,put( ),270,277,18
918,53,put( ),279,318,15
919,53,put( ),320,345,23
920,53,compact( ),347,362,13
921,53,isDirect( ),364,366,10
922,53,isReadOnly( ),368,370,10
923,53,order( ),416,425,22
924,54,DirectShortBufferRU( ),164,178,37
925,54,slice( ),180,188,77
926,54,duplicate( ),190,197,32
927,54,asReadOnlyBuffer( ),199,210,12
928,54,put( ),261,268,15
929,54,put( ),270,277,18
930,54,put( ),279,318,15
931,54,put( ),320,345,23
932,54,compact( ),347,362,13
933,54,isDirect( ),364,366,10
934,54,isReadOnly( ),368,370,10
935,54,order( ),416,425,22
936,55,viewedBuffer( ),61,63,10
937,55,cleaner( ),100,100,10
938,55,DirectShortBufferS( ),164,178,45
939,55,slice( ),180,188,77
940,55,duplicate( ),190,197,32
941,55,asReadOnlyBuffer( ),199,210,32
942,55,address( ),214,216,10
943,55,ix( ),218,220,18
944,55,get( ),222,224,23
945,55,get( ),226,228,26
946,55,get( ),230,257,155
947,55,put( ),261,268,29
948,55,put( ),270,277,33
949,55,put( ),279,318,226
950,55,put( ),320,345,155
951,55,compact( ),347,362,79
952,55,isDirect( ),364,366,10
953,55,isReadOnly( ),368,370,10
954,55,order( ),416,425,22
955,56,viewedBuffer( ),61,63,10
956,56,cleaner( ),100,100,10
957,56,DirectShortBufferU( ),164,178,45
958,56,slice( ),180,188,77
959,56,duplicate( ),190,197,32
960,56,asReadOnlyBuffer( ),199,210,32
961,56,address( ),214,216,10
962,56,ix( ),218,220,18
963,56,get( ),222,224,22
964,56,get( ),226,228,25
965,56,get( ),230,257,155
966,56,put( ),261,268,28
967,56,put( ),270,277,32
968,56,put( ),279,318,226
969,56,put( ),320,345,155
970,56,compact( ),347,362,79
971,56,isDirect( ),364,366,10
972,56,isReadOnly( ),368,370,10
973,56,order( ),416,425,22
974,57,DoubleBuffer( ),273,279,43
975,57,DoubleBuffer( ),283,285,31
976,57,allocate( ),326,330,31
977,57,wrap( ),363,371,45
978,57,wrap( ),389,391,22
979,57,get( ),665,673,73
980,57,get( ),691,693,21
981,57,put( ),739,748,66
982,57,put( ),800,808,72
983,57,put( ),829,831,22
984,57,hasArray( ),932,934,18
985,57,array( ),955,961,35
986,57,arrayOffset( ),983,989,33
987,57,toString( ),1046,1057,72
988,57,hashCode( ),1077,1083,54
989,57,equals( ),1110,1129,135
990,57,compareTo( ),1143,1157,117
991,58,FloatBuffer( ),273,279,43
992,58,FloatBuffer( ),283,285,31
993,58,allocate( ),326,330,31
994,58,wrap( ),363,371,45
995,58,wrap( ),389,391,22
996,58,get( ),665,673,73
997,58,get( ),691,693,21
998,58,put( ),739,748,66
999,58,put( ),800,808,72
1000,58,put( ),829,831,22
1001,58,hasArray( ),932,934,18
1002,58,array( ),955,961,35
1003,58,arrayOffset( ),983,989,33
1004,58,toString( ),1046,1057,72
1005,58,hashCode( ),1077,1083,54
1006,58,equals( ),1110,1129,135
1007,58,compareTo( ),1143,1157,117
1008,59,HeapByteBuffer( ),55,66,30
1009,59,HeapByteBuffer( ),68,79,33
1010,59,HeapByteBuffer( ),81,95,40
1011,59,slice( ),97,104,33
1012,59,duplicate( ),106,113,32
1013,59,asReadOnlyBuffer( ),115,126,32
1014,59,ix( ),130,132,14
1015,59,get( ),134,136,18
1016,59,get( ),138,140,21
1017,59,get( ),142,149,70
1018,59,isDirect( ),151,153,10
1019,59,isReadOnly( ),157,159,10
1020,59,put( ),161,168,24
1021,59,put( ),170,177,28
1022,59,put( ),179,190,70
1023,59,put( ),192,218,163
1024,59,compact( ),220,230,51
1025,59,_get( ),236,238,14
1026,59,_put( ),240,246,18
1027,59,getChar( ),252,254,23
1028,59,getChar( ),256,258,27
1029,59,putChar( ),262,269,29
1030,59,putChar( ),271,278,34
1031,59,asCharBuffer( ),280,296,74
1032,59,getShort( ),303,305,23
1033,59,getShort( ),307,309,27
1034,59,putShort( ),313,320,29
1035,59,putShort( ),322,329,34
1036,59,asShortBuffer( ),331,347,74
1037,59,getInt( ),354,356,23
1038,59,getInt( ),358,360,27
1039,59,putInt( ),364,371,29
1040,59,putInt( ),373,380,34
1041,59,asIntBuffer( ),382,398,74
1042,59,getLong( ),405,407,23
1043,59,getLong( ),409,411,27
1044,59,putLong( ),415,422,29
1045,59,putLong( ),424,431,34
1046,59,asLongBuffer( ),433,449,74
1047,59,getFloat( ),456,458,23
1048,59,getFloat( ),460,462,27
1049,59,putFloat( ),466,473,29
1050,59,putFloat( ),475,482,34
1051,59,asFloatBuffer( ),484,500,74
1052,59,getDouble( ),507,509,23
1053,59,getDouble( ),511,513,27
1054,59,putDouble( ),517,524,29
1055,59,putDouble( ),526,533,34
1056,59,asDoubleBuffer( ),535,551,74
1057,60,HeapByteBufferR( ),55,66,21
1058,60,HeapByteBufferR( ),68,79,28
1059,60,HeapByteBufferR( ),81,95,44
1060,60,slice( ),97,104,33
1061,60,duplicate( ),106,113,32
1062,60,asReadOnlyBuffer( ),115,126,12
1063,60,isReadOnly( ),157,159,10
1064,60,put( ),161,168,15
1065,60,put( ),170,177,18
1066,60,put( ),179,190,23
1067,60,put( ),192,218,15
1068,60,compact( ),220,230,13
1069,60,_get( ),236,238,14
1070,60,_put( ),240,246,17
1071,60,putChar( ),262,269,15
1072,60,putChar( ),271,278,18
1073,60,asCharBuffer( ),280,296,74
1074,60,putShort( ),313,320,15
1075,60,putShort( ),322,329,18
1076,60,asShortBuffer( ),331,347,74
1077,60,putInt( ),364,371,15
1078,60,putInt( ),373,380,18
1079,60,asIntBuffer( ),382,398,74
1080,60,putLong( ),415,422,15
1081,60,putLong( ),424,431,18
1082,60,asLongBuffer( ),433,449,74
1083,60,putFloat( ),466,473,15
1084,60,putFloat( ),475,482,18
1085,60,asFloatBuffer( ),484,500,74
1086,60,putDouble( ),517,524,15
1087,60,putDouble( ),526,533,18
1088,60,asDoubleBuffer( ),535,551,74
1089,61,HeapCharBuffer( ),55,66,30
1090,61,HeapCharBuffer( ),68,79,33
1091,61,HeapCharBuffer( ),81,95,40
1092,61,slice( ),97,104,33
1093,61,duplicate( ),106,113,32
1094,61,asReadOnlyBuffer( ),115,126,32
1095,61,ix( ),130,132,14
1096,61,get( ),134,136,18
1097,61,get( ),138,140,21
1098,61,get( ),142,149,70
1099,61,isDirect( ),151,153,10
1100,61,isReadOnly( ),157,159,10
1101,61,put( ),161,168,24
1102,61,put( ),170,177,28
1103,61,put( ),179,190,70
1104,61,put( ),192,218,163
1105,61,compact( ),220,230,51
1106,61,toString( ),559,565,42
1107,61,subSequence( ),570,579,71
1108,61,order( ),586,588,12
1109,62,HeapCharBufferR( ),55,66,21
1110,62,HeapCharBufferR( ),68,79,28
1111,62,HeapCharBufferR( ),81,95,44
1112,62,slice( ),97,104,33
1113,62,duplicate( ),106,113,32
1114,62,asReadOnlyBuffer( ),115,126,12
1115,62,isReadOnly( ),157,159,10
1116,62,put( ),161,168,15
1117,62,put( ),170,177,18
1118,62,put( ),179,190,23
1119,62,put( ),192,218,15
1120,62,compact( ),220,230,13
1121,62,toString( ),559,565,42
1122,62,subSequence( ),570,579,71
1123,62,order( ),586,588,12
1124,63,HeapDoubleBuffer( ),55,66,30
1125,63,HeapDoubleBuffer( ),68,79,33
1126,63,HeapDoubleBuffer( ),81,95,40
1127,63,slice( ),97,104,33
1128,63,duplicate( ),106,113,32
1129,63,asReadOnlyBuffer( ),115,126,32
1130,63,ix( ),130,132,14
1131,63,get( ),134,136,18
1132,63,get( ),138,140,21
1133,63,get( ),142,149,70
1134,63,isDirect( ),151,153,10
1135,63,isReadOnly( ),157,159,10
1136,63,put( ),161,168,24
1137,63,put( ),170,177,28
1138,63,put( ),179,190,70
1139,63,put( ),192,218,163
1140,63,compact( ),220,230,51
1141,63,order( ),586,588,12
1142,64,HeapDoubleBufferR( ),55,66,21
1143,64,HeapDoubleBufferR( ),68,79,28
1144,64,HeapDoubleBufferR( ),81,95,44
1145,64,slice( ),97,104,33
1146,64,duplicate( ),106,113,32
1147,64,asReadOnlyBuffer( ),115,126,12
1148,64,isReadOnly( ),157,159,10
1149,64,put( ),161,168,15
1150,64,put( ),170,177,18
1151,64,put( ),179,190,23
1152,64,put( ),192,218,15
1153,64,compact( ),220,230,13
1154,64,order( ),586,588,12
1155,65,HeapFloatBuffer( ),55,66,30
1156,65,HeapFloatBuffer( ),68,79,33
1157,65,HeapFloatBuffer( ),81,95,40
1158,65,slice( ),97,104,33
1159,65,duplicate( ),106,113,32
1160,65,asReadOnlyBuffer( ),115,126,32
1161,65,ix( ),130,132,14
1162,65,get( ),134,136,18
1163,65,get( ),138,140,21
1164,65,get( ),142,149,70
1165,65,isDirect( ),151,153,10
1166,65,isReadOnly( ),157,159,10
1167,65,put( ),161,168,24
1168,65,put( ),170,177,28
1169,65,put( ),179,190,70
1170,65,put( ),192,218,163
1171,65,compact( ),220,230,51
1172,65,order( ),586,588,12
1173,66,HeapFloatBufferR( ),55,66,21
1174,66,HeapFloatBufferR( ),68,79,28
1175,66,HeapFloatBufferR( ),81,95,44
1176,66,slice( ),97,104,33
1177,66,duplicate( ),106,113,32
1178,66,asReadOnlyBuffer( ),115,126,12
1179,66,isReadOnly( ),157,159,10
1180,66,put( ),161,168,15
1181,66,put( ),170,177,18
1182,66,put( ),179,190,23
1183,66,put( ),192,218,15
1184,66,compact( ),220,230,13
1185,66,order( ),586,588,12
1186,67,HeapIntBuffer( ),55,66,30
1187,67,HeapIntBuffer( ),68,79,33
1188,67,HeapIntBuffer( ),81,95,40
1189,67,slice( ),97,104,33
1190,67,duplicate( ),106,113,32
1191,67,asReadOnlyBuffer( ),115,126,32
1192,67,ix( ),130,132,14
1193,67,get( ),134,136,18
1194,67,get( ),138,140,21
1195,67,get( ),142,149,70
1196,67,isDirect( ),151,153,10
1197,67,isReadOnly( ),157,159,10
1198,67,put( ),161,168,24
1199,67,put( ),170,177,28
1200,67,put( ),179,190,70
1201,67,put( ),192,218,163
1202,67,compact( ),220,230,51
1203,67,order( ),586,588,12
1204,68,HeapIntBufferR( ),55,66,21
1205,68,HeapIntBufferR( ),68,79,28
1206,68,HeapIntBufferR( ),81,95,44
1207,68,slice( ),97,104,33
1208,68,duplicate( ),106,113,32
1209,68,asReadOnlyBuffer( ),115,126,12
1210,68,isReadOnly( ),157,159,10
1211,68,put( ),161,168,15
1212,68,put( ),170,177,18
1213,68,put( ),179,190,23
1214,68,put( ),192,218,15
1215,68,compact( ),220,230,13
1216,68,order( ),586,588,12
1217,69,HeapLongBuffer( ),55,66,30
1218,69,HeapLongBuffer( ),68,79,33
1219,69,HeapLongBuffer( ),81,95,40
1220,69,slice( ),97,104,33
1221,69,duplicate( ),106,113,32
1222,69,asReadOnlyBuffer( ),115,126,32
1223,69,ix( ),130,132,14
1224,69,get( ),134,136,18
1225,69,get( ),138,140,21
1226,69,get( ),142,149,70
1227,69,isDirect( ),151,153,10
1228,69,isReadOnly( ),157,159,10
1229,69,put( ),161,168,24
1230,69,put( ),170,177,28
1231,69,put( ),179,190,70
1232,69,put( ),192,218,163
1233,69,compact( ),220,230,51
1234,69,order( ),586,588,12
1235,70,HeapLongBufferR( ),55,66,21
1236,70,HeapLongBufferR( ),68,79,28
1237,70,HeapLongBufferR( ),81,95,44
1238,70,slice( ),97,104,33
1239,70,duplicate( ),106,113,32
1240,70,asReadOnlyBuffer( ),115,126,12
1241,70,isReadOnly( ),157,159,10
1242,70,put( ),161,168,15
1243,70,put( ),170,177,18
1244,70,put( ),179,190,23
1245,70,put( ),192,218,15
1246,70,compact( ),220,230,13
1247,70,order( ),586,588,12
1248,71,HeapShortBuffer( ),55,66,30
1249,71,HeapShortBuffer( ),68,79,33
1250,71,HeapShortBuffer( ),81,95,40
1251,71,slice( ),97,104,33
1252,71,duplicate( ),106,113,32
1253,71,asReadOnlyBuffer( ),115,126,32
1254,71,ix( ),130,132,14
1255,71,get( ),134,136,18
1256,71,get( ),138,140,21
1257,71,get( ),142,149,70
1258,71,isDirect( ),151,153,10
1259,71,isReadOnly( ),157,159,10
1260,71,put( ),161,168,24
1261,71,put( ),170,177,28
1262,71,put( ),179,190,70
1263,71,put( ),192,218,163
1264,71,compact( ),220,230,51
1265,71,order( ),586,588,12
1266,72,HeapShortBufferR( ),55,66,21
1267,72,HeapShortBufferR( ),68,79,28
1268,72,HeapShortBufferR( ),81,95,44
1269,72,slice( ),97,104,33
1270,72,duplicate( ),106,113,32
1271,72,asReadOnlyBuffer( ),115,126,12
1272,72,isReadOnly( ),157,159,10
1273,72,put( ),161,168,15
1274,72,put( ),170,177,18
1275,72,put( ),179,190,23
1276,72,put( ),192,218,15
1277,72,compact( ),220,230,13
1278,72,order( ),586,588,12
1279,73,IntBuffer( ),273,279,43
1280,73,IntBuffer( ),283,285,31
1281,73,allocate( ),326,330,31
1282,73,wrap( ),363,371,45
1283,73,wrap( ),389,391,22
1284,73,get( ),665,673,73
1285,73,get( ),691,693,21
1286,73,put( ),739,748,66
1287,73,put( ),800,808,72
1288,73,put( ),829,831,22
1289,73,hasArray( ),932,934,18
1290,73,array( ),955,961,35
1291,73,arrayOffset( ),983,989,33
1292,73,toString( ),1046,1057,72
1293,73,hashCode( ),1077,1083,54
1294,73,equals( ),1110,1129,135
1295,73,compareTo( ),1143,1157,117
1296,74,InvalidMarkException( ),49,49,6
1297,75,LongBuffer( ),273,279,43
1298,75,LongBuffer( ),283,285,31
1299,75,allocate( ),326,330,31
1300,75,wrap( ),363,371,45
1301,75,wrap( ),389,391,22
1302,75,get( ),665,673,73
1303,75,get( ),691,693,21
1304,75,put( ),739,748,66
1305,75,put( ),800,808,72
1306,75,put( ),829,831,22
1307,75,hasArray( ),932,934,18
1308,75,array( ),955,961,35
1309,75,arrayOffset( ),983,989,33
1310,75,toString( ),1046,1057,72
1311,75,hashCode( ),1077,1083,54
1312,75,equals( ),1110,1129,135
1313,75,compareTo( ),1143,1157,117
1314,76,MappedByteBuffer( ),78,83,34
1315,76,MappedByteBuffer( ),85,88,31
1316,76,checkMapped( ),90,94,18
1317,76,isLoaded( ),114,119,50
1318,76,load( ),131,137,56
1319,76,force( ),157,163,52
1320,77,ReadOnlyBufferException( ),49,49,6
1321,78,ShortBuffer( ),273,279,43
1322,78,ShortBuffer( ),283,285,31
1323,78,allocate( ),326,330,31
1324,78,wrap( ),363,371,45
1325,78,wrap( ),389,391,22
1326,78,get( ),665,673,73
1327,78,get( ),691,693,21
1328,78,put( ),739,748,66
1329,78,put( ),800,808,72
1330,78,put( ),829,831,22
1331,78,hasArray( ),932,934,18
1332,78,array( ),955,961,35
1333,78,arrayOffset( ),983,989,33
1334,78,toString( ),1046,1057,72
1335,78,hashCode( ),1077,1083,54
1336,78,equals( ),1110,1129,135
1337,78,compareTo( ),1143,1157,117
1338,79,StringCharBuffer( ),36,42,70
1339,79,slice( ),44,51,31
1340,79,StringCharBuffer( ),53,61,42
1341,79,StringCharBuffer( ),63,68,35
1342,79,duplicate( ),70,73,30
1343,79,asReadOnlyBuffer( ),75,77,12
1344,79,get( ),79,81,16
1345,79,get( ),83,85,19
1346,79,put( ),89,91,16
1347,79,put( ),93,95,19
1348,79,compact( ),97,99,14
1349,79,isReadOnly( ),101,103,11
1350,79,toString( ),105,107,24
1351,79,subSequence( ),109,118,61
1352,79,isDirect( ),120,122,10
1353,79,order( ),124,126,12
