



2900,3300,3400,3700,3800,4800,4801,
4000,4100,4200,4500,4900,
4000,4100,4200,4500,4900,
4000,4100,4900,
4000,4100,4900,
4200,4500,4900,
4200,4500,4900,
4900,
4900,
4200,4500,4900,
4200,4500,4900,
4900,
4900,
4200,4500,4900,
4200,4500,4900,
4900,
4900,
4200,4500,4900,
4200,4500,4900,
4900,
4900,
4200,4500,4900,
4200,4500,4900,
4900,
4900,

3300,3400,3700,3800,4800,4801,
100,101,4400,4401,4402,4403,4404,4405,4600,4700,5000,
4400,4401,4402,4403,4404,4405,5000,
4000,4100,5000,
4000,4100,5000,
2500,2501,4000,4100,4600,4700,5000,
2500,2501,4000,4100,4600,4700,5000,
5000,
5000,
2200,2201,4600,4700,5000,
2200,2201,4600,4700,5000,
5000,
5000,
2600,2601,4600,4700,5000,
2600,2601,4600,4700,5000,
5000,
5000,
2300,2301,4600,4700,5000,
2300,2301,4600,4700,5000,
5000,
5000,
2800,2801,4600,4700,5000,
2800,2801,4600,4700,5000,
5000,
5000,
2700,2701,4600,4700,5000,
2700,2701,4600,4700,5000,
2900,3300,3400,3700,3800,4800,4801,
2900,3300,3400,3700,3800,4800,4801,
3100,3200,3600,3900,4300,4301,4302,4303,4304,4305,
4300,4301,4302,4303,4304,4305,
800,3100,3200,3600,3900,
800,
3100,3200,3600,3900,

3100,3200,3600,3900,

3100,3200,3600,3900,

3100,3200,3600,3900,

3100,3200,3600,3900,

2900,3300,3400,3700,3800,4800,4801,

2900,3300,3400,3700,3800,4800,4801,


2900,3300,3400,3700,3800,4800,4801,

